년	월	일	시	분	규모	위도	경도
2017	10	13	1	41	2.7 	41.39 	129.03 
2017	10	8	12	18	2.8 	34.84 	127.25 
2017	10	4	12	10	2.1 	36.16 	127.13 
2017	10	4	2	11	2.4 	35.56 	129.88 
2017	9	30	15	34	2.5 	33.42 	127.15 
2017	9	23	17	29	3.2 	41.35 	129.06 
2017	9	23	13	43	2.6 	41.35 	129.06 
2017	9	16	1	34	2.2 	34.25 	127.13 
2017	9	11	17	25	3.2 	35.29 	124.16 
2017	9	7	14	58	2.9 	37.60 	125.34 
2017	9	1	5	57	2.1 	36.42 	127.21 
2017	8	29	22	6	2.4 	35.31 	125.36 
2017	8	21	1	30	2.1 	38.82 	126.13 
2017	8	16	0	35	2.5 	38.73 	125.69 
2017	8	15	21	32	2.6 	38.73 	125.67 
2017	8	9	13	53	2.7 	33.87 	125.52 
2017	8	7	20	53	2.6 	38.70 	125.63 
2017	7	20	14	38	2.0 	37.39 	129.54 
2017	7	19	10	23	2.1 	33.80 	126.10 
2017	7	18	10	31	2.7 	37.69 	126.19 
2017	7	9	3	43	2.6 	33.51 	125.73 
2017	7	8	23	45	2.8 	40.59 	127.02 
2017	7	6	6	0	2.4 	36.00 	127.94 
2017	7	5	19	17	2.5 	35.99 	127.97 
2017	6	28	13	0	2.7 	40.00 	125.81 
2017	6	27	20	17	2.0 	35.77 	129.20 
2017	6	20	11	2	2.0 	35.85 	129.08 
2017	6	17	14	30	2.3 	33.38 	127.21 
2017	6	15	16	56	2.4 	36.54 	125.07 
2017	6	14	2	43	2.2 	38.34 	126.14 
2017	6	13	8	1	2.1 	35.74 	129.18 
2017	6	11	20	31	2.5 	35.77 	129.17 
2017	6	11	18	16	2.0 	37.28 	129.21 
2017	6	4	5	16	2.1 	36.83 	128.10 
2017	5	28	15	47	2.7 	35.67 	129.56 
2017	5	25	11	20	3.0 	36.96 	124.40 
2017	5	20	22	29	2.9 	37.73 	129.62 
2017	5	20	16	29	2.0 	35.92 	128.27 
2017	5	16	23	29	2.2 	36.60 	128.92 
2017	5	16	20	6	2.1 	36.85 	124.55 
2017	5	13	18	37	2.8 	36.61 	129.44 
2017	5	10	22	31	2.1 	36.61 	129.45 
2017	5	10	14	6	2.5 	35.88 	126.19 
2017	5	5	23	16	3.0 	35.32 	127.43 
2017	5	5	0	2	2.0 	36.73 	128.10 
2017	5	4	21	46	2.4 	36.74 	128.10 
2017	5	4	1	8	2.6 	36.61 	129.44 
2017	4	28	11	19	2.1 	36.60 	128.81 
2017	4	28	5	54	2.9 	33.33 	127.85 
2017	4	20	16	0	3.2 	33.77 	127.28 
2017	4	18	17	36	2.1 	35.50 	128.88 
2017	4	18	1	17	2.0 	35.76 	129.18 
2017	4	16	21	39	2.2 	36.70 	125.18 
2017	4	15	17	16	2.0 	36.11 	129.37 
2017	4	15	11	31	3.1 	36.11 	129.36 
2017	4	15	5	41	2.2 	35.76 	129.18 
2017	4	10	4	2	2.3 	35.16 	128.77 
2017	4	9	14	12	2.4 	38.99 	126.20 
2017	4	9	1	45	2.1 	35.76 	129.20 
2017	4	8	23	13	2.1 	38.75 	125.63 
2017	4	8	18	20	2.7 	35.76 	129.18 
2017	4	7	0	4	2.0 	35.97 	127.80 
2017	4	4	23	25	2.2 	35.67 	130.00 
2017	4	1	16	4	2.2 	35.78 	129.20 
2017	3	31	13	53	2.5 	35.79 	129.19 
2017	3	31	13	46	3.3 	35.78 	129.20 
2017	3	30	21	49	2.0 	35.76 	129.19 
2017	3	28	15	45	2.0 	35.79 	129.20 
2017	3	28	0	48	2.2 	37.17 	125.48 
2017	3	27	9	28	2.0 	35.21 	126.95 
2017	3	21	23	19	2.4 	38.52 	126.03 
2017	3	19	3	1	2.9 	33.32 	127.18 
2017	3	15	23	56	2.4 	37.73 	129.69 
2017	3	14	5	41	2.1 	34.64 	127.78 
2017	3	9	2	24	2.0 	35.82 	129.78 
2017	3	7	6	53	2.6 	37.75 	129.71 
2017	3	7	3	48	2.2 	36.30 	128.23 
2017	3	6	6	21	2.0 	35.75 	126.10 
2017	3	5	19	19	2.1 	37.77 	129.70 
2017	3	5	15	9	2.1 	37.72 	129.59 
2017	3	5	9	28	2.4 	37.74 	129.69 
2017	3	5	9	18	3.2 	37.75 	129.66 
2017	3	5	7	52	2.4 	35.75 	129.17 
2017	3	4	6	33	2.3 	35.99 	127.95 
2017	2	25	6	59	2.4 	35.74 	129.18 
2017	2	25	6	58	2.2 	35.74 	129.17 
2017	2	24	12	29	2.5 	38.89 	126.09 
2017	2	24	11	34	2.3 	36.38 	127.79 
2017	2	23	21	3	3.1 	37.40 	124.89 
2017	2	22	13	8	2.1 	35.77 	129.18 
2017	2	21	3	21	2.1 	35.76 	129.20 
2017	2	18	20	58	2.4 	35.23 	126.94 
2017	2	18	16	53	2.0 	33.23 	126.18 
2017	2	16	18	20	2.3 	35.64 	128.09 
2017	2	16	2	34	2.9 	35.78 	129.20 
2017	2	12	9	22	2.3 	35.69 	129.58 
2017	2	10	18	1	2.6 	38.54 	125.84 
2017	2	10	5	22	2.2 	35.65 	129.57 
2017	2	5	20	6	2.6 	39.61 	127.64 
2017	2	5	19	7	2.5 	33.61 	126.73 
2017	1	29	13	45	2.6 	38.70 	127.16 
2017	1	26	22	53	2.0 	33.54 	126.87 
2017	1	24	4	7	2.6 	35.77 	129.17 
2017	1	21	3	27	2.6 	35.75 	129.18 
2017	1	18	12	49	2.5 	35.02 	125.06 
2017	1	17	16	6	2.8 	38.71 	125.86 
2017	1	16	19	54	2.1 	36.33 	126.59 
2017	1	16	6	57	2.7 	33.64 	127.51 
2017	1	14	11	52	2.2 	35.17 	127.79 
2017	1	11	0	10	2.1 	36.44 	128.42 
2017	1	7	6	37	2.4 	38.69 	125.73 
2017	1	6	5	33	2.2 	35.75 	129.18 
2017	1	6	5	31	3.3 	35.75 	129.17 
2017	1	4	5	0	2.5 	36.58 	129.24 
2016	12	31	8	1	2.6 	39.31 	126.27 
2016	12	30	15	4	2.5 	38.64 	125.76 
2016	12	29	21	32	2.3 	36.12 	129.36 
2016	12	29	5	53	2.6 	38.71 	125.76 
2016	12	25	6	29	2.5 	35.78 	129.31 
2016	12	25	1	59	2.4 	35.25 	129.39 
2016	12	23	5	31	2.2 	36.12 	129.36 
2016	12	22	21	13	2.2 	34.45 	128.54 
2016	12	15	17	14	2.1 	35.76 	129.19 
2016	12	14	17	20	3.3 	35.76 	129.17 
2016	12	14	10	5	2.1 	36.54 	128.08 
2016	12	12	17	53	3.3 	35.76 	129.18 
2016	12	12	4	46	2.2 	35.76 	129.18 
2016	12	11	16	5	2.5 	36.07 	125.59 
2016	12	10	15	51	2.0 	37.63 	129.68 
2016	12	10	0	51	2.1 	35.77 	129.17 
2016	12	9	11	30	2.4 	35.69 	129.36 
2016	12	7	22	34	2.4 	37.18 	125.48 
2016	12	5	7	42	2.1 	35.81 	129.72 
2016	12	5	0	47	2.1 	35.77 	129.18 
2016	12	2	4	45	2.1 	35.76 	129.19 
2016	11	29	10	9	2.9 	33.40 	125.72 
2016	11	28	23	33	2.2 	38.49 	126.14 
2016	11	28	20	57	2.4 	35.77 	129.19 
2016	11	27	20	8	2.2 	36.02 	127.39 
2016	11	27	6	53	2.5 	36.34 	127.33 
2016	11	25	18	53	2.3 	35.75 	129.17 
2016	11	19	3	29	2.1 	35.76 	129.19 
2016	11	18	2	2	2.0 	35.51 	128.09 
2016	11	16	23	15	2.1 	34.86 	125.08 
2016	11	15	16	27	2.0 	35.76 	129.19 
2016	11	15	12	22	2.5 	38.35 	128.09 
2016	11	13	21	52	3.5 	36.36 	126.63 
2016	11	13	2	27	2.3 	38.76 	125.66 
2016	11	10	22	37	2.5 	36.46 	129.89 
2016	11	9	20	55	2.3 	36.55 	129.60 
2016	11	6	6	26	3.5 	33.76 	125.07 
2016	11	3	23	35	2.6 	35.32 	128.49 
2016	11	3	10	36	2.3 	35.76 	129.19 
2016	11	3	10	2	2.3 	35.76 	129.19 
2016	11	3	3	46	2.1 	35.75 	129.18 
2016	11	2	3	1	2.4 	33.52 	126.88 
2016	10	25	19	57	2.4 	35.70 	129.37 
2016	10	25	3	23	2.0 	35.76 	129.19 
2016	10	24	9	2	2.3 	37.25 	127.02 
2016	10	23	3	0	2.7 	35.78 	129.20 
2016	10	21	12	47	2.6 	35.75 	129.17 
2016	10	21	10	13	2.0 	35.46 	126.87 
2016	10	20	12	17	2.4 	35.76 	129.19 
2016	10	15	23	49	2.2 	35.76 	129.17 
2016	10	15	18	55	2.5 	35.74 	129.18 
2016	10	14	8	20	2.3 	35.76 	129.19 
2016	10	12	0	29	2.9 	35.76 	129.18 
2016	10	10	22	59	3.3 	35.75 	129.18 
2016	10	9	14	3	2.2 	35.08 	126.93 
2016	10	7	17	17	2.2 	35.77 	129.23 
2016	10	5	23	29	2.3 	38.76 	125.62 
2016	10	5	21	16	2.4 	33.81 	127.28 
2016	10	4	15	16	2.6 	35.76 	129.19 
2016	10	2	20	53	3.0 	35.75 	129.19 
2016	10	1	17	0	2.3 	35.76 	129.18 
2016	10	1	13	4	2.0 	35.76 	129.18 
2016	9	30	21	52	2.2 	35.75 	129.18 
2016	9	30	18	6	2.3 	35.76 	129.16 
2016	9	30	16	24	2.0 	35.77 	129.16 
2016	9	30	11	9	2.1 	35.76 	129.18 
2016	9	28	21	10	2.7 	35.77 	129.17 
2016	9	28	19	0	2.9 	38.74 	125.69 
2016	9	28	18	54	2.8 	38.74 	125.69 
2016	9	28	16	34	3.1 	35.76 	129.18 
2016	9	24	19	56	2.5 	35.79 	129.19 
2016	9	23	18	21	2.1 	35.76 	129.18 
2016	9	22	3	22	2.1 	35.76 	129.18 
2016	9	22	0	1	2.3 	35.76 	129.18 
2016	9	21	11	53	3.5 	35.75 	129.18 
2016	9	21	11	36	2.2 	35.78 	129.15 
2016	9	21	3	36	2.9 	35.77 	129.18 
2016	9	21	0	59	2.1 	35.76 	129.18 
2016	9	20	20	3	2.1 	35.77 	129.19 
2016	9	20	15	5	2.1 	38.39 	128.09 
2016	9	20	9	58	2.4 	35.76 	129.20 
2016	9	19	21	0	2.1 	35.75 	129.17 
2016	9	19	20	33	4.5 	35.74 	129.18 
2016	9	19	9	17	2.1 	35.76 	129.17 
2016	9	18	22	38	2.0 	35.75 	129.18 
2016	9	18	16	27	2.4 	35.76 	129.17 
2016	9	17	16	21	2.1 	35.76 	129.18 
2016	9	17	7	12	2.1 	35.76 	129.18 
2016	9	16	21	14	2.2 	35.76 	129.18 
2016	9	16	19	54	2.1 	35.74 	129.17 
2016	9	16	19	15	2.0 	35.76 	129.18 
2016	9	16	18	58	2.0 	35.75 	129.18 
2016	9	16	15	13	2.3 	35.76 	129.17 
2016	9	16	5	31	2.2 	35.78 	129.19 
2016	9	15	20	48	2.6 	35.76 	129.19 
2016	9	15	19	47	2.2 	35.77 	129.19 
2016	9	15	3	22	2.8 	35.76 	129.18 
2016	9	15	2	1	2.1 	35.78 	129.21 
2016	9	14	22	31	2.4 	35.76 	129.17 
2016	9	14	17	27	2.3 	35.77 	129.17 
2016	9	14	16	47	2.1 	35.77 	129.18 
2016	9	14	12	38	2.2 	35.78 	129.19 
2016	9	14	11	57	2.4 	33.93 	126.62 
2016	9	14	4	43	2.1 	35.77 	129.17 
2016	9	14	3	55	2.4 	35.76 	129.18 
2016	9	14	1	37	2.1 	35.77 	129.18 
2016	9	14	0	48	3.0 	35.75 	129.18 
2016	9	13	23	8	2.3 	35.73 	129.36 
2016	9	13	21	49	2.1 	35.76 	129.17 
2016	9	13	18	54	2.1 	35.76 	129.18 
2016	9	13	17	15	2.0 	35.77 	129.18 
2016	9	13	16	52	2.5 	35.75 	129.18 
2016	9	13	16	21	2.0 	35.75 	129.17 
2016	9	13	16	2	2.5 	35.76 	129.20 
2016	9	13	14	41	2.1 	35.76 	129.17 
2016	9	13	14	31	3.0 	35.76 	129.18 
2016	9	13	13	40	2.0 	35.76 	129.18 
2016	9	13	13	18	2.1 	35.77 	129.17 
2016	9	13	13	16	2.4 	35.77 	129.17 
2016	9	13	13	9	2.3 	35.77 	129.17 
2016	9	13	12	33	2.0 	35.76 	129.16 
2016	9	13	12	27	2.2 	35.78 	129.19 
2016	9	13	10	58	2.0 	35.76 	129.18 
2016	9	13	10	44	2.2 	35.76 	129.18 
2016	9	13	10	25	2.0 	35.76 	129.19 
2016	9	13	10	5	2.0 	35.76 	129.18 
2016	9	13	10	1	2.3 	35.78 	129.19 
2016	9	13	9	23	2.3 	35.76 	129.18 
2016	9	13	8	47	2.3 	35.76 	129.17 
2016	9	13	8	24	3.3 	35.76 	129.17 
2016	9	13	7	47	2.4 	35.77 	129.18 
2016	9	13	7	3	2.1 	35.77 	129.19 
2016	9	13	6	48	2.0 	35.78 	129.18 
2016	9	13	6	15	2.3 	35.77 	129.18 
2016	9	13	5	15	2.0 	35.77 	129.18 
2016	9	13	4	56	2.0 	35.77 	129.19 
2016	9	13	4	41	2.1 	35.76 	129.17 
2016	9	13	4	13	2.1 	35.78 	129.19 
2016	9	13	3	11	2.1 	35.75 	129.17 
2016	9	13	2	9	2.0 	35.75 	129.18 
2016	9	13	2	3	2.2 	35.78 	129.19 
2016	9	13	2	3	2.1 	35.76 	129.17 
2016	9	13	1	58	2.5 	35.77 	129.18 
2016	9	13	1	37	2.2 	35.77 	129.18 
2016	9	13	1	35	2.3 	35.75 	129.17 
2016	9	13	1	31	2.0 	35.77 	129.18 
2016	9	13	1	23	2.2 	35.75 	129.19 
2016	9	13	1	3	2.0 	35.77 	129.17 
2016	9	13	0	45	2.2 	35.76 	129.18 
2016	9	13	0	37	3.3 	35.78 	129.20 
2016	9	13	0	32	2.1 	35.76 	129.19 
2016	9	13	0	21	2.5 	35.76 	129.19 
2016	9	13	0	15	2.0 	35.76 	129.18 
2016	9	13	0	10	2.0 	35.76 	129.18 
2016	9	13	0	7	2.2 	35.76 	129.19 
2016	9	12	23	53	2.2 	35.77 	129.19 
2016	9	12	23	52	3.1 	35.75 	129.18 
2016	9	12	23	18	3.0 	35.76 	129.17 
2016	9	12	22	47	2.1 	35.77 	129.19 
2016	9	12	22	23	2.4 	35.77 	129.18 
2016	9	12	22	22	2.2 	35.76 	129.18 
2016	9	12	22	18	2.0 	35.77 	129.18 
2016	9	12	22	17	2.5 	35.76 	129.18 
2016	9	12	22	13	2.4 	35.76 	129.19 
2016	9	12	22	8	2.0 	35.76 	129.18 
2016	9	12	22	6	2.1 	35.77 	129.19 
2016	9	12	21	54	2.2 	35.76 	129.16 
2016	9	12	21	38	2.6 	35.76 	129.19 
2016	9	12	21	33	2.3 	35.76 	129.02 
2016	9	12	21	20	2.8 	35.78 	129.18 
2016	9	12	21	16	2.1 	35.76 	129.18 
2016	9	12	21	9	2.2 	35.77 	129.19 
2016	9	12	21	7	2.0 	35.77 	129.19 
2016	9	12	21	0	2.5 	35.77 	129.18 
2016	9	12	20	58	2.1 	35.77 	129.17 
2016	9	12	20	55	2.0 	35.76 	129.18 
2016	9	12	20	51	2.6 	35.75 	129.16 
2016	9	12	20	47	2.9 	35.76 	129.19 
2016	9	12	20	47	2.2 	35.81 	129.23 
2016	9	12	20	46	2.4 	35.76 	129.17 
2016	9	12	20	45	2.7 	35.78 	129.20 
2016	9	12	20	45	2.3 	35.76 	129.17 
2016	9	12	20	44	2.5 	35.76 	129.18 
2016	9	12	20	43	2.4 	35.76 	129.19 
2016	9	12	20	42	2.5 	35.79 	129.20 
2016	9	12	20	41	2.1 	35.62 	129.12 
2016	9	12	20	41	2.9 	35.58 	129.09 
2016	9	12	20	40	3.0 	35.76 	129.18 
2016	9	12	20	39	2.6 	35.79 	129.20 
2016	9	12	20	39	3.0 	35.77 	129.19 
2016	9	12	20	38	3.0 	35.78 	129.20 
2016	9	12	20	38	2.8 	35.74 	129.18 
2016	9	12	20	38	2.7 	35.76 	129.19 
2016	9	12	20	37	2.6 	35.61 	129.11 
2016	9	12	20	36	3.2 	35.77 	129.19 
2016	9	12	20	36	3.4 	35.75 	129.18 
2016	9	12	20	34	4.3 	35.75 	129.19 
2016	9	12	20	32	5.8 	35.76 	129.19 
2016	9	12	20	26	2.5 	35.77 	129.20 
2016	9	12	20	17	2.3 	35.76 	129.19 
2016	9	12	20	10	3.1 	35.77 	129.18 
2016	9	12	20	8	2.7 	35.76 	129.18 
2016	9	12	20	7	2.6 	35.76 	129.19 
2016	9	12	20	4	2.5 	35.77 	129.18 
2016	9	12	20	0	2.4 	35.78 	129.16 
2016	9	12	19	55	2.4 	35.76 	129.18 
2016	9	12	19	54	2.0 	35.77 	129.19 
2016	9	12	19	53	2.1 	35.77 	129.19 
2016	9	12	19	52	2.0 	35.75 	129.19 
2016	9	12	19	51	2.1 	35.77 	129.20 
2016	9	12	19	50	2.2 	35.77 	129.18 
2016	9	12	19	48	3.1 	35.77 	129.19 
2016	9	12	19	44	5.1 	35.77 	129.19 
2016	8	30	0	39	2.6 	35.55 	128.03 
2016	8	28	23	27	2.3 	35.64 	127.47 
2016	8	28	21	27	2.4 	38.65 	127.16 
2016	8	20	18	54	2.6 	33.49 	127.30 
2016	8	20	12	18	3.0 	38.38 	128.09 
2016	8	18	22	21	2.6 	38.84 	125.70 
2016	8	18	17	8	2.1 	38.18 	125.46 
2016	8	17	11	17	2.7 	38.38 	128.08 
2016	8	16	11	57	2.0 	36.76 	128.84 
2016	7	30	1	51	2.3 	33.06 	126.33 
2016	7	14	22	31	2.8 	35.12 	130.24 
2016	7	13	14	13	2.0 	36.80 	128.53 
2016	7	9	13	16	2.6 	38.69 	125.83 
2016	7	9	4	47	2.3 	35.48 	129.97 
2016	7	5	21	24	2.6 	35.51 	129.87 
2016	7	5	20	33	5.0 	35.51 	129.99 
2016	6	25	3	24	2.6 	38.74 	125.86 
2016	6	21	3	23	3.1 	39.49 	126.19 
2016	6	15	2	7	2.6 	35.87 	129.69 
2016	6	13	12	33	2.7 	34.30 	124.68 
2016	6	7	16	6	2.3 	33.05 	126.17 
2016	6	5	10	11	2.2 	36.00 	129.58 
2016	6	3	4	53	3.0 	36.39 	127.92 
2016	5	24	4	52	2.3 	33.61 	125.56 
2016	5	22	1	22	3.5 	40.68 	127.15 
2016	5	12	13	37	2.5 	34.69 	126.80 
2016	5	3	3	29	2.1 	37.12 	129.02 
2016	4	28	10	16	2.6 	35.42 	128.56 
2016	4	27	19	27	2.3 	35.57 	128.34 
2016	4	25	11	42	2.3 	33.51 	125.91 
2016	4	21	15	55	2.7 	33.53 	125.89 
2016	4	21	15	53	2.7 	33.52 	125.92 
2016	4	13	5	28	2.1 	35.92 	127.93 
2016	3	28	14	34	2.9 	35.22 	127.96 
2016	3	27	14	52	2.3 	35.33 	130.04 
2016	3	15	3	38	2.4 	37.59 	129.95 
2016	3	15	3	0	2.7 	36.31 	128.21 
2016	3	5	11	11	3.3 	35.61 	129.82 
2016	3	2	14	4	2.4 	36.36 	127.20 
2016	2	26	18	46	2.2 	33.23 	127.19 
2016	2	24	23	22	2.9 	33.52 	125.92 
2016	2	11	5	57	3.1 	36.21 	127.48 
2016	1	31	3	3	2.0 	36.95 	129.92 
2016	1	25	18	40	2.3 	36.22 	128.69 
2016	1	23	7	14	2.4 	38.42 	126.25 
2016	1	6	20	39	3.0 	36.01 	128.07 
2015	12	22	4	31	3.9 	36.03 	126.96 
2015	12	11	1	25	2.0 	36.90 	126.58 
2015	11	24	14	10	2.4 	35.66 	129.82 
2015	11	24	11	27	3.2 	35.67 	129.82 
2015	11	13	20	4	2.2 	35.80 	129.40 
2015	10	30	15	17	2.6 	35.75 	129.36 
2015	10	26	23	29	2.1 	34.09 	126.85 
2015	10	11	0	55	2.3 	33.26 	127.05 
2015	10	1	14	6	2.1 	35.78 	129.14 
2015	10	1	9	21	2.5 	35.78 	129.14 
2015	9	18	10	12	2.1 	34.70 	128.75 
2015	9	3	4	53	2.9 	33.36 	127.12 
2015	9	1	13	47	2.5 	39.08 	126.53 
2015	8	23	9	19	2.1 	36.37 	129.79 
2015	8	17	16	56	2.5 	37.18 	125.38 
2015	8	12	17	9	2.0 	37.16 	127.52 
2015	8	3	10	11	3.7 	33.26 	127.06 
2015	8	2	3	22	2.1 	37.19 	128.44 
2015	8	1	23	58	2.2 	35.32 	127.45 
2015	7	30	9	39	2.1 	35.18 	128.01 
2015	7	23	4	2	2.6 	33.18 	127.02 
2015	7	20	1	33	2.2 	33.26 	127.21 
2015	7	18	21	15	2.3 	36.07 	128.08 
2015	7	14	14	34	2.5 	33.26 	127.04 
2015	7	8	11	1	2.0 	37.63 	125.86 
2015	7	4	8	49	2.0 	36.32 	128.16 
2015	6	22	12	44	2.2 	36.35 	127.25 
2015	6	22	12	2	2.6 	35.85 	125.00 
2015	6	17	0	55	2.1 	38.40 	125.62 
2015	6	7	20	54	2.6 	33.78 	126.18 
2015	6	2	1	1	2.0 	36.76 	129.98 
2015	4	24	10	14	2.3 	35.88 	129.69 
2015	4	21	2	5	2.1 	35.88 	129.75 
2015	4	15	4	10	2.9 	35.14 	129.93 
2015	4	13	18	2	3.3 	37.18 	125.47 
2015	3	19	16	20	2.4 	36.43 	127.65 
2015	3	19	12	54	2.1 	34.21 	128.29 
2015	3	10	13	10	2.7 	37.36 	125.15 
2015	2	23	4	54	2.7 	32.96 	126.25 
2015	2	19	14	25	2.2 	36.04 	125.02 
2015	2	3	19	54	2.1 	33.61 	127.57 
2015	1	31	5	10	2.2 	36.60 	129.45 
2015	1	8	20	15	3.5 	37.51 	125.63 
2015	1	6	13	6	2.6 	38.43 	126.28 
2014	12	30	15	36	2.6 	35.21 	124.79 
2014	12	24	20	33	2.1 	35.89 	127.33 
2014	12	15	9	8	2.1 	39.09 	126.52 
2014	12	8	5	28	3.3 	34.75 	127.17 
2014	11	15	3	31	2.5 	38.77 	126.36 
2014	11	6	14	48	2.3 	33.34 	125.89 
2014	11	6	4	25	2.5 	37.23 	126.44 
2014	10	28	19	7	2.2 	38.00 	125.34 
2014	10	21	6	33	2.3 	35.21 	129.49 
2014	10	20	21	15	2.2 	33.68 	125.88 
2014	10	19	19	57	2.6 	36.44 	128.19 
2014	10	11	22	11	2.3 	37.73 	129.43 
2014	10	7	1	57	2.9 	33.30 	125.96 
2014	10	1	16	34	2.2 	36.67 	125.45 
2014	9	28	21	32	3.2 	37.24 	126.44 
2014	9	25	2	26	3.8 	35.07 	129.94 
2014	9	23	15	27	3.5 	35.80 	129.41 
2014	9	9	0	24	2.2 	35.68 	129.38 
2014	8	21	22	30	2.7 	33.87 	127.83 
2014	8	18	5	13	2.1 	36.57 	125.64 
2014	8	16	0	51	2.1 	33.59 	126.58 
2014	8	10	18	7	2.4 	38.15 	126.63 
2014	8	5	6	16	2.5 	40.11 	127.20 
2014	8	2	1	32	2.2 	37.40 	127.20 
2014	7	4	6	27	2.2 	34.51 	125.41 
2014	7	4	4	13	2.9 	35.66 	129.78 
2014	7	4	0	11	2.5 	35.65 	129.81 
2014	7	3	22	4	2.6 	35.66 	129.82 
2014	7	3	21	57	3.5 	35.66 	129.76 
2014	6	21	8	29	2.6 	38.77 	125.89 
2014	6	18	9	59	2.1 	35.91 	128.66 
2014	6	8	4	5	2.6 	33.52 	125.96 
2014	6	5	13	29	2.3 	35.97 	128.62 
2014	5	15	8	46	3.4 	33.00 	126.21 
2014	4	26	14	8	2.7 	36.46 	127.93 
2014	4	25	12	14	2.9 	35.97 	128.04 
2014	4	13	14	2	2.9 	36.93 	124.52 
2014	4	12	1	44	2.6 	33.52 	126.90 
2014	4	8	6	19	2.7 	36.96 	124.44 
2014	4	1	9	25	2.3 	36.95 	124.50 
2014	4	1	4	48	5.1 	36.95 	124.50 
2014	3	28	10	40	3.0 	36.47 	127.93 
2014	3	14	12	59	2.5 	39.41 	126.09 
2014	3	11	11	39	2.7 	35.86 	128.47 
2014	2	28	3	20	2.4 	38.74 	125.01 
2014	2	22	20	44	2.6 	38.31 	124.27 
2014	2	21	21	17	2.7 	35.05 	127.75 
2014	2	5	23	6	2.8 	38.26 	124.40 
2014	1	29	6	8	2.2 	36.23 	128.80 
2013	12	19	12	38	2.9 	38.11 	127.11 
2013	12	13	11	40	2.5 	36.10 	129.04 
2013	12	8	16	38	2.8 	33.44 	125.09 
2013	12	4	6	28	2.4 	38.71 	125.69 
2013	12	3	21	0	2.5 	35.64 	128.72 
2013	12	2	20	2	2.8 	38.56 	126.10 
2013	11	26	2	26	2.1 	37.12 	128.11 
2013	11	22	23	29	2.1 	36.99 	126.40 
2013	11	20	21	7	2.1 	38.47 	126.17 
2013	11	16	22	32	2.1 	38.51 	125.66 
2013	11	10	16	28	2.0 	37.66 	124.67 
2013	11	8	21	2	3.0 	36.24 	126.36 
2013	11	8	19	14	2.6 	36.23 	126.36 
2013	10	26	6	47	2.7 	37.96 	124.61 
2013	10	19	0	16	2.0 	35.96 	128.06 
2013	10	11	16	6	3.6 	36.46 	129.61 
2013	10	10	13	8	2.6 	35.36 	128.23 
2013	9	15	13	16	2.3 	36.55 	129.23 
2013	9	14	17	33	2.2 	36.20 	126.16 
2013	9	11	13	0	4.0 	33.56 	125.39 
2013	8	29	8	35	2.5 	38.19 	129.30 
2013	8	13	0	36	3.0 	36.91 	129.44 
2013	8	13	0	1	2.1 	36.92 	129.44 
2013	8	12	4	39	2.3 	35.66 	129.77 
2013	8	12	4	33	3.1 	35.66 	129.75 
2013	8	11	4	19	2.3 	38.48 	126.13 
2013	8	10	12	43	2.6 	35.90 	129.75 
2013	8	7	21	8	2.0 	36.19 	126.08 
2013	8	4	19	58	2.3 	36.20 	126.16 
2013	8	1	17	22	3.1 	36.19 	126.17 
2013	8	1	0	57	2.6 	36.20 	126.16 
2013	7	31	22	30	3.0 	36.20 	126.15 
2013	7	31	20	27	2.2 	36.20 	126.17 
2013	7	31	20	5	2.2 	36.21 	126.17 
2013	7	30	14	57	2.7 	36.21 	126.14 
2013	7	29	10	29	2.7 	36.20 	126.13 
2013	7	28	9	10	2.8 	36.20 	126.14 
2013	7	26	11	23	2.2 	36.19 	126.14 
2013	7	23	16	3	2.7 	36.19 	126.16 
2013	7	15	19	44	2.5 	36.20 	126.15 
2013	7	15	1	39	2.4 	33.05 	125.49 
2013	7	13	2	2	3.5 	36.20 	126.18 
2013	7	1	11	24	3.0 	38.78 	126.36 
2013	6	29	13	32	2.3 	36.20 	126.17 
2013	6	27	19	33	2.5 	36.20 	126.14 
2013	6	24	18	26	2.1 	38.04 	129.75 
2013	6	24	5	28	2.3 	36.20 	126.17 
2013	6	22	11	18	2.3 	36.23 	126.11 
2013	6	22	10	37	2.8 	36.19 	126.16 
2013	6	22	3	51	2.3 	36.20 	126.16 
2013	6	21	21	55	2.4 	36.20 	126.15 
2013	6	21	16	29	2.2 	36.19 	126.14 
2013	6	20	12	35	2.4 	39.23 	125.95 
2013	6	19	16	2	2.6 	36.19 	126.16 
2013	6	19	1	52	2.3 	36.20 	126.16 
2013	6	18	2	31	2.3 	36.21 	126.18 
2013	6	17	20	31	2.3 	36.20 	126.16 
2013	6	16	22	12	2.5 	36.20 	126.16 
2013	6	16	19	47	2.1 	36.19 	126.15 
2013	6	10	14	1	2.1 	37.71 	124.70 
2013	6	8	5	56	2.7 	35.13 	126.96 
2013	6	5	12	34	2.3 	36.19 	126.18 
2013	5	22	23	25	2.1 	38.75 	128.81 
2013	5	21	16	17	3.7 	37.66 	124.71 
2013	5	19	5	27	2.3 	37.73 	124.74 
2013	5	18	16	18	2.1 	37.67 	124.62 
2013	5	18	14	9	2.6 	37.71 	124.68 
2013	5	18	11	45	3.9 	37.67 	124.61 
2013	5	18	9	32	2.5 	37.64 	124.57 
2013	5	18	9	13	2.4 	37.67 	124.62 
2013	5	18	7	54	2.4 	37.75 	124.77 
2013	5	18	7	26	3.3 	37.67 	124.66 
2013	5	18	7	24	2.2 	37.66 	124.83 
2013	5	18	7	2	4.9 	37.68 	124.63 
2013	5	18	3	0	3.5 	37.68 	124.60 
2013	5	15	8	48	2.7 	37.72 	124.77 
2013	5	15	8	34	2.6 	37.75 	124.79 
2013	5	14	20	17	2.8 	37.77 	124.80 
2013	4	30	10	58	2.0 	36.46 	129.63 
2013	4	30	5	26	2.5 	36.47 	129.61 
2013	4	28	3	39	2.7 	33.65 	127.29 
2013	4	21	18	21	2.4 	35.17 	124.57 
2013	4	21	8	21	4.9 	35.16 	124.56 
2013	4	19	23	46	2.2 	36.55 	129.60 
2013	4	17	21	33	2.3 	36.56 	129.61 
2013	4	14	16	16	2.3 	38.20 	129.29 
2013	4	10	13	7	2.2 	36.50 	127.44 
2013	2	7	22	7	2.2 	35.76 	129.13 
2013	2	5	21	25	3.5 	35.77 	127.97 
2013	2	4	5	39	3.1 	36.55 	128.90 
2013	1	26	8	57	2.4 	36.11 	127.73 
2013	1	15	13	31	2.8 	36.59 	129.73 
2013	1	2	5	53	2.4 	33.33 	127.29 
2012	12	19	15	5	2.2 	35.72 	127.22 
2012	11	22	3	4	3.0 	35.22 	127.97 
2012	10	17	14	37	2.5 	37.54 	124.84 
2012	10	1	6	51	2.4 	36.73 	128.40 
2012	9	28	19	36	2.1 	36.41 	128.73 
2012	9	27	22	24	2.7 	35.40 	126.08 
2012	9	24	9	59	2.5 	38.73 	125.48 
2012	9	20	2	43	2.4 	35.61 	129.82 
2012	9	19	14	52	2.2 	34.66 	128.75 
2012	9	19	14	49	2.1 	34.71 	128.72 
2012	9	18	5	39	2.7 	33.53 	125.81 
2012	9	10	22	6	2.1 	35.82 	129.41 
2012	9	7	2	34	3.1 	36.40 	127.25 
2012	8	18	18	6	2.2 	36.20 	125.26 
2012	8	13	0	54	2.2 	36.84 	128.68 
2012	8	10	21	25	2.6 	35.82 	128.39 
2012	7	29	3	22	2.7 	32.85 	126.02 
2012	7	26	19	24	3.4 	37.98 	125.45 
2012	7	22	12	4	2.3 	34.69 	126.60 
2012	7	14	2	38	2.6 	33.78 	124.97 
2012	7	11	19	33	2.1 	36.87 	125.28 
2012	7	11	19	27	2.5 	36.90 	125.27 
2012	7	9	8	59	2.4 	35.32 	128.71 
2012	7	8	9	43	2.5 	35.72 	129.35 
2012	7	3	9	42	2.2 	37.19 	129.08 
2012	6	24	1	20	2.1 	37.53 	124.56 
2012	6	23	16	42	2.6 	36.70 	128.31 
2012	6	19	20	55	3.1 	33.48 	125.93 
2012	6	14	6	15	2.1 	39.72 	126.92 
2012	6	12	17	52	2.2 	35.87 	128.67 
2012	6	12	13	34	2.4 	37.33 	125.27 
2012	6	12	9	1	2.1 	38.77 	125.72 
2012	6	12	3	42	2.1 	36.32 	127.51 
2012	6	5	8	18	2.1 	38.43 	126.16 
2012	6	1	12	5	2.6 	37.12 	125.96 
2012	6	1	8	9	2.3 	35.92 	127.61 
2012	5	30	2	48	3.4 	36.57 	129.57 
2012	5	16	17	50	2.7 	36.23 	128.49 
2012	5	15	11	5	2.9 	35.92 	129.62 
2012	5	11	12	46	3.9 	36.02 	127.71 
2012	5	2	5	4	2.1 	35.77 	126.81 
2012	5	2	1	33	3.4 	33.69 	126.04 
2012	4	20	21	11	3.1 	33.43 	127.26 
2012	4	17	13	31	2.6 	35.72 	126.51 
2012	3	30	14	51	2.3 	36.49 	127.91 
2012	3	29	0	26	2.2 	35.34 	125.95 
2012	3	18	9	21	2.5 	36.90 	130.24 
2012	2	27	0	26	2.5 	35.15 	129.85 
2012	2	24	9	5	3.2 	35.20 	129.93 
2012	2	24	0	54	2.4 	35.13 	129.85 
2012	2	21	22	30	2.5 	35.13 	129.80 
2012	2	19	20	21	2.7 	35.13 	129.89 
2012	1	24	2	41	2.2 	37.12 	125.96 
2012	1	19	15	43	2.7 	38.51 	126.23 
2012	1	16	3	3	2.2 	36.79 	128.75 
2012	1	1	19	40	2.0 	39.02 	125.82 
2011	12	27	21	57	3.3 	36.86 	129.94 
2011	12	25	0	1	2.3 	37.12 	128.99 
2011	12	14	15	39	2.0 	37.97 	125.82 
2011	11	30	0	37	2.5 	35.98 	126.53 
2011	11	26	4	3	2.2 	34.23 	127.67 
2011	11	2	7	20	3.0 	35.54 	130.65 
2011	10	7	19	4	2.7 	33.34 	127.19 
2011	9	28	13	20	2.6 	38.48 	126.26 
2011	9	26	22	12	3.3 	34.58 	128.12 
2011	9	25	12	59	2.6 	35.58 	125.90 
2011	9	21	23	59	2.6 	35.91 	125.21 
2011	9	8	1	56	3.2 	38.82 	126.00 
2011	8	31	19	39	2.6 	35.70 	129.75 
2011	8	20	13	22	2.2 	38.46 	127.83 
2011	8	20	6	57	3.0 	37.50 	124.46 
2011	8	15	6	10	3.2 	38.47 	125.63 
2011	8	9	12	11	2.5 	35.66 	129.76 
2011	7	28	11	28	2.2 	35.90 	129.70 
2011	7	27	14	38	2.8 	36.55 	129.56 
2011	7	19	14	54	2.4 	37.89 	124.67 
2011	7	13	4	5	2.1 	35.91 	128.39 
2011	7	5	2	13	2.3 	38.58 	126.36 
2011	6	27	14	11	2.9 	35.52 	126.14 
2011	6	17	16	57	2.4 	37.90 	124.81 
2011	6	17	16	38	4.0 	37.89 	124.81 
2011	6	16	8	13	2.8 	33.62 	127.27 
2011	6	15	14	21	3.7 	33.71 	127.81 
2011	6	9	15	13	2.6 	35.91 	129.70 
2011	6	8	14	21	3.0 	35.08 	125.30 
2011	6	5	22	53	2.5 	36.05 	127.53 
2011	6	2	10	50	2.9 	36.70 	127.94 
2011	6	2	8	9	2.9 	33.59 	127.26 
2011	5	29	10	22	3.2 	35.58 	128.75 
2011	5	28	15	41	2.5 	35.93 	129.69 
2011	5	25	18	29	2.3 	33.61 	127.28 
2011	5	11	21	8	2.2 	39.33 	126.22 
2011	4	24	16	37	3.1 	37.85 	125.01 
2011	4	11	23	48	2.8 	39.13 	125.87 
2011	4	11	6	11	3.1 	37.72 	129.07 
2011	4	3	1	47	2.7 	35.77 	128.53 
2011	3	28	13	50	3.2 	35.97 	129.95 
2011	3	24	4	35	2.8 	36.34 	127.83 
2011	3	14	14	47	2.9 	34.62 	126.10 
2011	3	13	3	12	2.3 	37.50 	125.33 
2011	3	12	8	15	2.6 	37.00 	125.27 
2011	3	11	9	57	2.5 	38.51 	127.57 
2011	3	6	11	4	2.9 	38.66 	125.67 
2011	2	27	18	50	3.5 	33.65 	125.90 
2011	2	11	19	21	2.2 	37.19 	129.06 
2011	1	26	22	15	2.7 	33.40 	127.33 
2011	1	21	10	56	2.2 	33.70 	127.38 
2011	1	4	1	22	2.0 	36.41 	127.15 
2010	12	20	6	56	2.2 	36.93 	125.50 
2010	12	19	9	11	2.6 	37.31 	129.38 
2010	11	28	10	15	2.3 	35.18 	127.02 
2010	11	27	7	51	2.8 	35.95 	129.79 
2010	11	20	0	7	2.7 	36.83 	126.76 
2010	11	7	20	11	2.8 	40.15 	128.28 
2010	10	25	12	36	2.5 	34.29 	127.39 
2010	10	23	23	43	2.4 	39.77 	126.70 
2010	10	22	11	59	2.5 	35.85 	128.18 
2010	10	14	18	6	2.3 	37.14 	129.73 
2010	10	7	2	33	2.8 	35.87 	129.79 
2010	10	4	23	24	2.8 	37.67 	129.70 
2010	9	30	2	7	2.5 	33.41 	127.34 
2010	9	6	19	32	2.8 	36.56 	129.01 
2010	8	28	7	35	3.2 	32.90 	126.27 
2010	8	24	3	59	2.5 	38.71 	125.90 
2010	7	27	18	32	2.2 	36.34 	127.26 
2010	7	6	3	44	2.3 	36.47 	127.13 
2010	6	28	12	19	2.1 	38.75 	126.03 
2010	6	26	4	59	2.7 	32.35 	125.88 
2010	6	22	22	21	2.6 	38.46 	125.64 
2010	6	11	13	2	2.1 	38.78 	126.07 
2010	5	26	15	22	2.4 	37.60 	129.68 
2010	5	15	14	44	2.2 	36.00 	127.84 
2010	4	28	14	42	2.1 	36.55 	128.71 
2010	4	27	19	29	2.3 	36.80 	128.75 
2010	4	16	19	56	2.2 	38.78 	126.01 
2010	4	13	2	14	2.5 	34.02 	125.44 
2010	4	12	1	18	2.2 	34.12 	125.66 
2010	4	4	12	49	2.3 	38.51 	126.06 
2010	3	9	12	50	3.2 	36.42 	125.75 
2010	3	1	21	58	2.2 	38.41 	125.62 
2010	2	22	23	29	3.0 	33.29 	127.17 
2010	2	21	21	17	2.3 	36.75 	127.10 
2010	2	16	18	53	3.3 	35.63 	129.95 
2010	2	9	18	8	3.0 	37.45 	126.80 
2010	2	3	20	57	2.6 	33.33 	127.19 
2010	2	1	6	42	2.4 	33.34 	127.18 
2010	2	1	5	0	2.3 	33.30 	127.14 
2010	1	23	17	54	2.1 	36.59 	128.17 
2010	1	10	11	58	2.1 	38.80 	126.07 
2010	1	5	20	12	2.6 	36.97 	126.52 
2009	12	26	10	55	2.2 	37.87 	124.91 
2009	12	15	9	2	2.4 	36.76 	127.10 
2009	12	15	7	19	2.3 	38.80 	125.94 
2009	12	11	13	13	2.8 	33.69 	125.64 
2009	12	4	5	14	2.8 	36.72 	128.55 
2009	11	27	10	34	2.4 	37.69 	129.57 
2009	11	17	5	38	2.3 	36.07 	126.93 
2009	11	14	21	27	2.5 	34.81 	127.93 
2009	11	14	5	28	2.4 	35.66 	126.91 
2009	11	5	4	31	2.7 	38.42 	124.87 
2009	10	16	13	12	2.3 	33.40 	127.29 
2009	10	4	12	0	2.5 	39.38 	126.05 
2009	10	1	21	30	2.9 	38.12 	126.02 
2009	8	25	23	8	2.4 	37.69 	124.55 
2009	8	21	23	2	3.8 	38.82 	125.79 
2009	8	17	15	24	2.4 	36.54 	129.60 
2009	8	15	3	18	2.6 	36.52 	129.61 
2009	7	30	9	27	2.6 	35.85 	126.29 
2009	7	17	13	14	2.5 	38.45 	126.15 
2009	7	15	4	4	3.0 	35.14 	125.10 
2009	7	1	8	55	2.6 	37.84 	124.94 
2009	6	29	11	52	2.7 	37.14 	126.00 
2009	6	28	22	7	3.0 	35.78 	128.29 
2009	6	25	13	6	2.2 	39.31 	126.06 
2009	6	20	21	14	2.2 	38.03 	126.62 
2009	6	20	4	5	2.9 	37.09 	124.74 
2009	6	6	1	56	2.4 	35.09 	125.06 
2009	6	6	0	49	2.8 	38.63 	127.44 
2009	6	3	20	9	2.9 	38.57 	126.50 
2009	6	3	15	56	2.4 	33.19 	126.33 
2009	5	31	15	24	2.3 	38.60 	126.43 
2009	5	31	0	10	2.5 	33.52 	125.85 
2009	5	26	18	59	2.2 	36.57 	129.22 
2009	5	25	18	12	2.4 	36.95 	129.33 
2009	5	15	22	41	2.4 	36.59 	126.41 
2009	5	14	20	50	2.2 	36.25 	127.13 
2009	5	2	12	28	2.9 	36.57 	128.71 
2009	5	2	7	58	4.0 	36.56 	128.71 
2009	4	29	12	15	2.9 	33.43 	127.36 
2009	4	21	17	44	2.0 	35.45 	128.22 
2009	4	18	20	19	2.5 	33.39 	127.07 
2009	4	14	4	51	2.5 	38.45 	125.65 
2009	4	2	20	28	3.0 	37.60 	125.95 
2009	3	30	5	58	2.3 	36.21 	128.08 
2009	3	26	22	21	2.9 	38.11 	127.13 
2009	3	26	2	32	2.3 	33.38 	127.14 
2009	3	2	14	20	3.4 	37.11 	124.60 
2009	2	26	20	53	2.2 	36.94 	129.36 
2009	2	26	15	3	2.7 	35.03 	129.59 
2009	2	23	21	47	2.8 	37.13 	126.01 
2009	2	19	0	1	2.3 	39.72 	126.89 
2009	2	15	22	41	3.0 	35.76 	125.71 
2009	2	15	12	57	2.3 	35.85 	127.72 
2009	2	12	17	46	3.2 	35.26 	127.44 
2009	1	13	19	7	3.0 	36.47 	129.64 
2009	1	9	20	53	3.2 	38.73 	125.82 
2009	1	5	2	59	2.1 	33.47 	127.64 
2009	1	2	8	15	2.2 	33.94 	127.67 
2009	1	1	15	58	2.5 	36.50 	129.08 
2009	1	1	6	45	2.1 	36.31 	128.35 
2008	12	29	5	51	2.2 	35.67 	126.34 
2008	12	19	21	53	2.2 	37.36 	129.83 
2008	12	19	17	53	3.5 	36.49 	129.68 
2008	12	18	23	38	2.3 	36.47 	129.66 
2008	12	11	19	31	2.7 	40.38 	126.87 
2008	12	8	8	49	2.4 	35.14 	124.62 
2008	12	7	18	2	2.3 	37.79 	125.02 
2008	12	7	2	28	2.4 	36.45 	129.56 
2008	11	11	23	37	2.5 	38.56 	125.66 
2008	11	11	21	30	3.0 	38.55 	125.67 
2008	11	11	21	20	3.0 	38.54 	125.65 
2008	11	5	18	12	2.3 	37.07 	129.11 
2008	10	29	9	26	3.4 	36.35 	127.25 
2008	10	8	11	4	2.1 	38.12 	127.11 
2008	9	20	11	24	2.8 	34.11 	125.02 
2008	9	13	12	5	2.5 	35.60 	126.99 
2008	9	11	10	46	2.4 	38.08 	127.12 
2008	9	8	15	35	2.6 	34.57 	128.25 
2008	9	4	0	44	3.0 	35.13 	125.04 
2008	8	20	14	45	2.2 	35.72 	125.69 
2008	7	27	21	48	2.2 	34.45 	128.08 
2008	7	27	17	13	2.4 	39.40 	126.03 
2008	7	23	19	29	3.2 	34.49 	128.04 
2008	7	22	23	11	2.5 	35.31 	129.74 
2008	7	4	20	48	2.5 	39.30 	127.19 
2008	7	4	19	39	2.1 	39.26 	127.22 
2008	7	1	16	32	2.3 	35.54 	128.82 
2008	6	30	3	34	2.3 	35.10 	124.66 
2008	6	21	23	30	2.2 	35.57 	128.60 
2008	5	31	21	59	4.2 	33.50 	125.69 
2008	5	26	11	1	2.6 	35.85 	130.01 
2008	3	27	16	29	2.8 	37.78 	126.40 
2008	3	21	23	57	2.7 	35.15 	124.57 
2008	3	15	1	38	2.0 	38.11 	127.10 
2008	3	9	18	7	2.2 	38.75 	125.84 
2008	3	8	18	5	2.0 	35.66 	128.80 
2008	2	29	15	53	3.2 	38.75 	126.23 
2008	2	29	5	37	2.4 	33.57 	126.54 
2008	2	26	23	22	2.5 	35.97 	126.56 
2008	2	26	9	10	2.6 	37.95 	124.85 
2008	2	23	18	19	2.2 	35.82 	129.33 
2008	2	5	10	6	2.3 	38.41 	125.90 
2008	1	16	19	58	3.9 	35.65 	125.37 
2008	1	14	18	3	2.2 	36.19 	127.54 
2008	1	10	22	51	2.2 	35.09 	125.06 
2008	1	1	6	33	3.2 	40.41 	127.25 
2007	12	28	4	3	2.7 	34.98 	129.64 
2007	12	22	9	54	2.6 	38.63 	125.50 
2007	12	16	0	4	2.2 	35.62 	127.80 
2007	11	19	5	51	2.1 	34.78 	126.48 
2007	10	29	2	32	2.5 	36.62 	128.42 
2007	10	17	20	6	2.1 	36.43 	129.57 
2007	10	16	14	59	2.9 	37.45 	128.97 
2007	10	13	4	13	2.1 	36.44 	129.63 
2007	10	8	22	36	2.2 	38.90 	125.76 
2007	10	6	9	8	2.5 	35.59 	125.96 
2007	10	4	23	56	2.9 	36.43 	129.55 
2007	10	1	1	2	2.2 	36.44 	129.54 
2007	9	24	0	24	2.6 	36.45 	129.61 
2007	9	17	1	16	3.0 	36.45 	129.69 
2007	9	12	6	50	2.7 	36.46 	129.47 
2007	8	30	16	12	2.9 	38.69 	125.64 
2007	8	18	15	9	2.5 	35.99 	125.78 
2007	8	12	4	52	2.1 	36.05 	127.74 
2007	8	7	18	39	2.4 	37.23 	128.80 
2007	7	27	1	37	2.1 	39.16 	126.65 
2007	7	22	13	49	2.6 	36.88 	126.66 
2007	7	19	21	1	2.2 	37.08 	129.01 
2007	7	8	19	28	2.3 	37.37 	129.66 
2007	6	26	0	1	2.2 	35.61 	130.15 
2007	5	28	0	51	2.1 	35.23 	128.57 
2007	5	26	19	59	2.5 	36.10 	125.05 
2007	5	19	7	53	2.4 	36.57 	129.00 
2007	5	16	4	56	2.5 	35.72 	129.22 
2007	5	13	16	22	2.2 	35.92 	128.01 
2007	5	11	5	51	2.1 	35.55 	129.91 
2007	5	3	18	24	2.1 	36.60 	127.83 
2007	5	3	12	24	2.2 	36.13 	127.85 
2007	4	25	8	36	2.0 	36.94 	126.53 
2007	4	1	22	16	2.3 	38.58 	125.63 
2007	3	28	2	47	2.8 	38.64 	125.60 
2007	3	15	5	30	2.9 	36.18 	127.97 
2007	3	10	18	18	2.0 	37.21 	128.85 
2007	2	6	0	35	2.2 	35.13 	129.41 
2007	1	24	16	31	2.4 	38.62 	125.59 
2007	1	20	20	56	4.8 	37.68 	128.59 
2007	1	19	9	6	2.0 	37.69 	128.57 
2007	1	6	5	47	2.4 	39.11 	127.98 
2006	12	28	9	44	2.2 	36.11 	128.11 
2006	12	20	1	18	2.1 	37.14 	129.90 
2006	12	10	1	39	2.5 	33.06 	126.22 
2006	12	4	0	51	2.7 	36.46 	127.92 
2006	11	26	3	5	2.4 	34.14 	127.48 
2006	11	12	8	19	2.9 	38.59 	125.12 
2006	11	11	1	16	2.4 	35.97 	127.45 
2006	10	25	18	14	2.6 	33.36 	125.75 
2006	10	22	14	9	2.2 	37.13 	125.98 
2006	10	16	14	12	2.4 	37.35 	124.88 
2006	10	4	5	29	2.2 	36.67 	127.67 
2006	9	29	23	7	3.4 	34.10 	124.90 
2006	9	20	14	15	2.1 	34.62 	128.81 
2006	9	20	0	3	2.6 	35.92 	129.56 
2006	8	26	7	44	2.2 	37.21 	128.81 
2006	8	9	8	16	2.3 	35.70 	124.80 
2006	8	7	14	18	2.8 	35.60 	124.63 
2006	8	1	12	57	2.0 	35.74 	127.82 
2006	7	26	2	50	2.0 	35.80 	127.88 
2006	7	25	23	29	2.5 	35.79 	127.89 
2006	7	24	2	44	2.0 	37.17 	126.32 
2006	7	18	14	49	2.0 	36.13 	126.65 
2006	6	1	11	58	2.4 	34.60 	128.16 
2006	5	8	6	59	2.4 	36.22 	129.54 
2006	4	30	9	50	2.5 	37.05 	129.84 
2006	4	29	11	1	3.5 	37.09 	129.92 
2006	4	29	1	1	2.5 	37.07 	129.81 
2006	4	28	23	54	2.5 	37.12 	129.93 
2006	4	28	23	47	3.0 	37.09 	129.92 
2006	4	19	16	18	2.1 	37.01 	129.82 
2006	4	19	16	1	2.4 	37.10 	129.92 
2006	4	19	10	57	2.5 	37.10 	129.91 
2006	4	19	9	49	3.0 	37.05 	129.96 
2006	4	19	9	35	2.4 	37.07 	129.93 
2006	4	13	1	9	2.8 	34.74 	125.01 
2006	4	3	18	14	3.3 	38.68 	125.96 
2006	4	2	0	4	2.0 	35.38 	127.22 
2006	3	26	7	54	2.4 	35.66 	126.26 
2006	3	23	7	42	2.5 	38.32 	127.30 
2006	3	19	14	3	2.0 	36.33 	127.34 
2006	3	19	13	59	2.9 	36.34 	127.36 
2006	3	15	4	36	2.4 	38.19 	125.94 
2006	3	11	4	52	2.1 	37.13 	126.00 
2006	3	10	5	57	2.5 	33.30 	127.15 
2006	2	28	18	52	2.3 	36.22 	127.66 
2006	2	28	0	11	2.3 	35.81 	127.89 
2006	2	14	3	32	3.0 	38.67 	126.03 
2006	1	21	11	29	2.1 	36.33 	127.26 
2006	1	19	22	53	2.0 	37.19 	128.77 
2006	1	19	12	35	3.2 	37.21 	128.80 
2005	12	25	3	58	2.4 	34.74 	127.22 
2005	12	18	0	0	2.2 	34.64 	127.61 
2005	12	7	18	2	2.2 	36.63 	127.77 
2005	11	27	11	47	3.1 	38.35 	123.99 
2005	11	15	9	10	3.0 	37.20 	128.79 
2005	11	6	12	52	2.2 	35.98 	128.13 
2005	10	23	1	2	2.5 	34.97 	127.07 
2005	10	21	12	0	3.0 	37.89 	125.01 
2005	10	13	11	22	2.5 	36.95 	129.43 
2005	10	10	8	51	3.4 	37.93 	124.90 
2005	10	3	19	18	2.1 	35.62 	129.40 
2005	9	7	17	11	2.1 	37.09 	127.86 
2005	8	31	12	58	2.1 	37.12 	129.70 
2005	8	25	19	33	2.2 	36.75 	126.30 
2005	8	24	5	6	3.5 	34.06 	126.95 
2005	7	30	3	1	3.1 	34.14 	127.47 
2005	6	30	0	25	3.1 	36.66 	129.63 
2005	6	29	23	18	4.0 	34.50 	129.05 
2005	6	20	15	31	3.0 	38.81 	125.57 
2005	6	15	7	37	3.0 	33.00 	126.15 
2005	6	15	7	7	3.7 	33.15 	126.14 
2005	6	10	21	14	2.5 	36.78 	128.48 
2005	6	10	12	49	2.4 	36.73 	128.48 
2005	6	8	0	7	2.5 	37.51 	124.76 
2005	5	15	7	22	2.6 	38.13 	125.60 
2005	5	1	16	27	3.6 	35.04 	123.00 
2005	4	21	12	37	3.0 	34.91 	125.47 
2005	4	9	23	4	2.4 	35.67 	130.03 
2005	4	9	19	13	2.4 	37.17 	125.41 
2005	4	1	0	15	2.4 	33.56 	126.97 
2005	3	31	19	32	2.2 	36.43 	125.57 
2005	3	17	23	39	3.1 	32.47 	125.85 
2005	3	12	11	56	2.4 	38.82 	127.14 
2005	2	20	22	18	3.4 	35.40 	126.22 
2005	2	7	20	16	2.8 	36.59 	130.02 
2005	2	5	11	27	2.5 	33.49 	126.36 
2005	2	3	7	48	2.4 	38.95 	130.39 
2004	12	12	3	0	2.1 	33.60 	127.70 
2004	12	10	19	41	2.3 	32.90 	125.80 
2004	11	30	13	51	2.5 	33.20 	125.70 
2004	11	28	13	15	2.4 	37.60 	129.50 
2004	11	5	1	25	2.0 	37.10 	126.10 
2004	10	20	14	12	2.7 	34.40 	125.50 
2004	10	14	3	2	2.7 	33.70 	127.30 
2004	10	11	19	19	2.2 	38.00 	125.40 
2004	10	4	6	24	2.0 	35.50 	128.30 
2004	9	27	18	47	2.5 	35.50 	128.30 
2004	9	24	1	40	2.5 	33.40 	127.10 
2004	9	15	7	47	2.5 	37.50 	126.90 
2004	8	13	22	42	2.7 	37.60 	126.50 
2004	8	11	4	29	2.3 	33.30 	126.20 
2004	8	6	5	32	3.3 	35.90 	127.40 
2004	7	14	20	37	2.1 	36.40 	127.30 
2004	7	14	13	44	2.6 	33.40 	127.20 
2004	7	13	21	8	2.1 	38.50 	126.00 
2004	6	11	16	25	2.1 	37.30 	128.70 
2004	6	1	20	22	3.5 	37.20 	130.00 
2004	5	30	21	45	2.2 	37.00 	129.30 
2004	5	30	4	45	2.0 	36.60 	130.00 
2004	5	29	19	14	5.2 	36.80 	130.20 
2004	5	25	18	8	2.7 	39.50 	124.90 
2004	5	17	15	5	2.1 	36.40 	125.90 
2004	5	6	23	10	2.0 	37.50 	129.90 
2004	5	5	12	22	3.1 	32.70 	126.00 
2004	5	5	2	15	2.2 	33.40 	127.30 
2004	5	5	1	7	2.2 	33.40 	127.30 
2004	4	30	23	43	2.8 	35.80 	129.40 
2004	4	29	17	31	2.9 	37.40 	123.80 
2004	4	26	13	29	3.9 	35.80 	128.20 
2004	4	15	23	25	2.0 	34.90 	124.60 
2004	4	2	12	4	2.9 	39.40 	126.00 
2004	3	7	20	58	2.9 	35.80 	125.40 
2004	2	26	5	51	2.1 	37.20 	128.90 
2004	2	6	7	30	2.4 	38.60 	126.10 
2004	1	29	20	22	2.4 	35.90 	128.50 
2004	1	23	5	27	2.0 	35.40 	128.00 
2004	1	17	9	47	2.9 	33.70 	125.80 
2004	1	6	1	49	3.2 	38.70 	125.10 
2004	1	5	6	11	2.9 	36.20 	127.00 
2003	10	17	11	55	2.0 	35.80 	129.40 
2003	10	14	1	44	2.4 	34.10 	127.50 
2003	10	13	18	12	3.6 	37.00 	126.50 
2003	10	5	5	3	2.1 	36.30 	127.30 
2003	10	4	4	59	2.3 	33.20 	126.90 
2003	9	25	15	24	2.5 	36.00 	129.60 
2003	9	24	3	26	2.3 	35.80 	128.50 
2003	9	19	20	48	2.9 	37.50 	124.50 
2003	8	12	1	25	2.6 	34.70 	130.30 
2003	8	7	11	4	2.7 	36.80 	129.50 
2003	7	28	6	12	2.7 	35.10 	124.70 
2003	7	18	17	5	2.9 	35.00 	124.30 
2003	7	9	15	20	2.7 	34.90 	128.20 
2003	7	5	12	18	3.0 	37.40 	125.30 
2003	6	29	11	53	2.1 	35.70 	124.80 
2003	6	9	10	14	4.0 	36.00 	123.60 
2003	6	8	2	7	2.6 	36.50 	125.10 
2003	6	4	3	34	2.7 	35.20 	125.20 
2003	4	16	2	55	3.3 	36.40 	126.30 
2003	4	5	0	56	2.4 	36.20 	127.30 
2003	4	5	0	31	2.9 	36.20 	127.30 
2003	4	5	0	25	2.5 	36.20 	127.30 
2003	4	1	22	26	2.1 	36.40 	127.80 
2003	3	30	20	10	5.0 	37.80 	123.70 
2003	3	23	5	38	4.9 	35.00 	124.60 
2003	3	19	23	5	2.3 	36.50 	129.60 
2003	3	14	4	6	2.1 	36.20 	128.70 
2003	3	10	3	28	3.1 	36.10 	128.40 
2003	3	4	12	44	2.9 	38.30 	128.60 
2003	3	1	23	33	3.0 	35.80 	129.30 
2003	3	1	21	7	2.5 	37.60 	124.60 
2003	2	14	16	42	2.9 	38.00 	124.50 
2003	2	9	22	28	2.3 	36.00 	127.90 
2003	2	8	23	46	2.9 	35.30 	126.60 
2003	1	16	14	2	2.2 	33.60 	127.30 
2003	1	13	22	3	2.8 	35.80 	129.40 
2003	1	10	0	56	2.7 	35.90 	129.20 
2003	1	9	17	33	3.9 	37.40 	124.20 
2002	12	26	23	41	2.7 	36.50 	127.00 
2002	12	17	8	44	2.1 	37.10 	126.40 
2002	12	16	18	21	2.4 	36.70 	130.20 
2002	12	12	21	42	2.3 	37.10 	126.40 
2002	12	10	7	42	3.8 	38.80 	127.20 
2002	12	7	16	43	2.7 	37.40 	129.40 
2002	12	5	11	1	2.1 	36.70 	126.20 
2002	12	5	10	5	2.0 	36.70 	126.30 
2002	11	13	21	46	2.4 	35.80 	127.90 
2002	11	6	21	48	2.5 	36.40 	127.70 
2002	10	28	11	50	2.8 	35.10 	126.60 
2002	10	25	4	6	2.4 	33.90 	127.10 
2002	10	23	10	30	2.8 	34.90 	128.40 
2002	10	20	4	22	3.0 	35.20 	127.70 
2002	10	19	21	31	2.7 	36.20 	127.60 
2002	10	16	19	48	2.4 	36.60 	127.60 
2002	10	4	2	6	2.4 	38.10 	126.40 
2002	9	19	3	10	2.9 	35.60 	125.40 
2002	9	16	7	36	2.8 	36.10 	128.30 
2002	9	15	16	40	2.5 	35.90 	129.70 
2002	8	13	16	7	2.7 	35.10 	125.20 
2002	8	10	21	47	4.0 	35.10 	123.40 
2002	8	6	21	37	2.5 	35.70 	127.60 
2002	8	6	7	32	3.0 	34.70 	127.40 
2002	7	17	6	50	3.3 	38.00 	124.40 
2002	7	12	8	17	2.1 	35.90 	129.80 
2002	7	9	4	1	3.8 	35.90 	129.60 
2002	7	2	1	49	2.3 	35.80 	128.00 
2002	6	23	11	12	2.0 	34.70 	126.60 
2002	6	7	22	24	2.8 	38.40 	125.30 
2002	5	29	18	22	2.4 	34.70 	127.90 
2002	4	17	7	52	3.9 	40.50 	128.50 
2002	4	14	12	29	2.4 	35.10 	125.00 
2002	4	1	7	46	2.5 	37.30 	128.10 
2002	3	25	18	10	2.4 	37.10 	127.20 
2002	3	25	5	31	2.4 	37.40 	129.20 
2002	3	22	11	28	3.5 	38.30 	124.50 
2002	3	17	9	26	3.9 	38.10 	124.30 
2002	3	12	20	4	2.4 	34.90 	127.40 
2002	3	8	2	9	2.4 	35.50 	126.10 
2002	3	7	23	30	3.0 	36.50 	126.60 
2002	2	28	22	26	2.1 	36.70 	128.10 
2002	2	7	9	31	2.4 	36.10 	129.20 
2002	2	3	22	44	2.6 	35.00 	125.00 
2002	1	17	20	16	2.9 	35.10 	125.00 
2002	1	17	6	28	2.8 	36.20 	126.20 
2002	1	8	8	18	2.8 	35.80 	128.20 
2002	1	7	17	10	3.1 	35.40 	128.80 
2002	1	4	0	33	2.3 	34.80 	127.40 
2001	11	30	11	18	2.4 	35.90 	127.50 
2001	11	24	16	10	4.1 	36.70 	129.90 
2001	11	21	10	49	3.5 	36.70 	128.30 
2001	11	13	6	15	1.9 	36.50 	127.90 
2001	11	9	13	54	2.6 	34.70 	126.90 
2001	10	28	22	27	2.1 	37.10 	129.00 
2001	10	1	3	35	2.6 	36.00 	127.70 
2001	9	24	9	33	2.6 	35.50 	127.50 
2001	9	19	8	47	2.6 	36.60 	126.90 
2001	9	15	2	32	2.2 	35.60 	125.90 
2001	9	13	6	7	2.2 	36.40 	127.00 
2001	9	7	8	42	2.8 	34.80 	127.40 
2001	8	24	11	12	3.1 	35.90 	128.20 
2001	8	20	21	4	2.5 	34.00 	125.50 
2001	8	6	23	46	2.3 	36.70 	128.30 
2001	7	27	10	4	2.2 	36.50 	128.00 
2001	7	26	19	55	2.0 	36.20 	127.40 
2001	7	23	17	29	3.5 	36.40 	128.00 
2001	7	15	20	1	2.3 	36.70 	127.00 
2001	6	29	11	21	3.6 	35.80 	126.60 
2001	6	17	1	4	2.3 	35.70 	126.40 
2001	6	16	21	26	2.2 	36.00 	127.90 
2001	6	13	13	53	2.9 	34.80 	127.30 
2001	6	9	0	36	2.3 	36.70 	128.80 
2001	5	28	7	25	2.1 	36.40 	127.80 
2001	5	27	20	24	2.5 	35.80 	129.70 
2001	5	27	15	25	2.6 	34.10 	127.60 
2001	5	25	0	6	2.6 	33.60 	126.80 
2001	5	16	1	9	2.0 	36.00 	126.70 
2001	5	5	19	23	1.7 	34.40 	127.40 
2001	5	5	11	21	3.3 	37.80 	124.50 
2001	4	21	2	30	2.1 	35.90 	125.30 
2001	4	17	2	42	2.5 	35.40 	126.10 
2001	4	16	22	50	2.2 	35.90 	129.70 
2001	3	19	22	16	2.8 	37.60 	124.60 
2001	3	7	8	27	2.5 	35.10 	127.80 
2001	3	6	0	23	2.3 	35.30 	125.70 
2001	2	28	12	46	2.9 	35.30 	127.90 
2001	2	19	8	27	2.0 	37.40 	128.40 
2001	2	14	1	2	2.2 	36.00 	128.20 
2001	2	10	17	47	2.0 	37.10 	127.60 
2001	2	8	16	59	2.3 	38.40 	127.90 
2001	1	29	11	44	3.0 	35.70 	126.60 
2000	12	22	8	19	2.7 	36.30 	127.40 
2000	12	9	18	51	3.7 	36.50 	130.00 
2000	12	2	16	53	3.1 	34.60 	126.90 
2000	11	14	17	41	2.9 	38.80 	125.80 
2000	11	5	21	39	2.2 	36.20 	127.20 
2000	10	28	7	10	2.7 	37.10 	126.70 
2000	10	23	11	35	2.6 	37.70 	125.70 
2000	10	8	7	46	2.6 	37.30 	128.80 
2000	10	3	0	1	2.0 	36.70 	127.20 
2000	9	23	10	7	2.4 	35.60 	128.40 
2000	9	13	20	38	2.4 	35.70 	127.10 
2000	8	21	19	43	3.4 	38.90 	125.90 
2000	8	15	1	36	2.2 	35.30 	125.90 
2000	8	6	19	35	2.2 	36.30 	128.40 
2000	8	5	21	2	2.7 	35.10 	124.90 
2000	7	24	7	0	3.0 	38.50 	127.80 
2000	5	26	21	41	2.4 	36.20 	127.10 
2000	5	19	1	44	2.7 	36.30 	128.50 
2000	5	11	16	0	2.8 	38.60 	127.70 
2000	5	11	15	1	2.9 	38.60 	127.80 
2000	5	11	10	51	3.1 	33.30 	125.90 
2000	5	9	6	55	2.3 	35.20 	128.10 
2000	4	29	8	53	3.3 	35.80 	125.70 
2000	4	15	8	5	2.3 	36.60 	128.30 
2000	4	12	4	44	3.5 	36.90 	125.30 
2000	3	21	13	43	2.3 	36.50 	126.00 
2000	3	15	1	10	2.5 	36.30 	125.90 
2000	2	21	1	6	2.1 	35.80 	128.20 
2000	1	18	15	8	3.0 	38.70 	127.90 
1999	12	27	12	29	3.0 	36.80 	128.20 
1999	12	20	13	28	2.5 	36.00 	128.40 
1999	12	14	14	46	2.8 	36.70 	127.30 
1999	9	24	1	59	2.7 	38.20 	128.80 
1999	9	12	5	56	3.2 	35.90 	129.30 
1999	9	11	3	17	3.4 	36.10 	123.70 
1999	7	17	15	22	2.9 	36.20 	127.00 
1999	6	19	20	58	2.7 	36.30 	127.80 
1999	6	17	22	33	2.6 	33.20 	126.40 
1999	6	9	2	15	2.6 	37.70 	125.80 
1999	6	2	18	12	3.4 	35.90 	129.30 
1999	5	15	14	41	3.1 	35.50 	126.20 
1999	5	9	8	17	3.5 	36.20 	123.70 
1999	5	9	8	11	3.1 	37.70 	130.50 
1999	5	4	3	9	2.5 	37.30 	129.40 
1999	4	25	18	35	2.8 	35.80 	127.10 
1999	4	24	1	35	3.2 	36.00 	129.30 
1999	4	23	12	41	2.2 	37.30 	128.90 
1999	4	22	1	27	2.0 	36.50 	127.80 
1999	4	21	11	24	2.1 	36.70 	127.10 
1999	4	9	20	48	2.8 	37.30 	128.90 
1999	4	8	1	9	2.6 	37.20 	128.90 
1999	4	8	0	40	2.9 	37.20 	128.90 
1999	4	7	23	43	3.3 	37.20 	128.90 
1999	4	4	11	29	3.1 	36.40 	124.00 
1999	3	28	12	39	3.0 	37.50 	130.20 
1999	3	15	22	8	2.4 	37.50 	130.40 
1999	3	15	16	11	2.7 	37.50 	130.40 
1999	3	14	20	31	3.2 	37.50 	130.40 
1999	3	5	23	41	3.5 	40.50 	126.30 
1999	2	24	2	14	3.5 	37.30 	126.00 
1999	2	8	6	36	2.5 	37.10 	128.90 
1999	2	3	3	21	2.9 	38.50 	127.80 
1999	1	24	2	43	2.9 	37.40 	130.30 
1999	1	24	1	1	3.3 	37.00 	128.80 
1999	1	12	21	51	2.9 	38.30 	128.60 
1999	1	11	13	7	4.2 	38.30 	128.70 
1998	12	9	6	42	2.7 	37.50 	129.10 
1998	11	30	8	57	2.8 	37.20 	128.70 
1998	10	22	17	34	2.8 	36.60 	125.50 
1998	10	14	3	50	2.5 	35.80 	128.30 
1998	10	2	20	9	2.5 	37.30 	128.80 
1998	9	30	22	29	3.3 	35.80 	126.90 
1998	9	13	20	42	3.6 	36.10 	126.90 
1998	9	12	23	8	2.3 	35.90 	129.30 
1998	9	9	19	53	2.1 	36.10 	128.50 
1998	9	3	16	52	3.8 	36.60 	125.70 
1998	8	4	21	43	2.9 	35.50 	128.80 
1998	7	7	17	37	2.7 	36.00 	129.90 
1998	7	7	0	13	2.7 	38.80 	126.10 
1998	7	1	17	9	2.0 	36.80 	127.80 
1998	6	19	6	19	2.3 	36.70 	128.40 
1998	6	13	23	29	2.4 	36.70 	130.10 
1998	6	13	18	24	2.4 	36.70 	130.00 
1998	6	8	19	55	2.8 	36.00 	125.20 
1998	6	8	11	45	3.7 	38.50 	124.30 
1998	6	7	17	39	2.8 	34.40 	129.00 
1998	6	6	15	4	2.8 	38.90 	126.00 
1998	6	5	19	42	2.9 	35.90 	123.90 
1998	5	25	11	19	2.4 	37.60 	129.70 
1998	5	20	0	34	2.3 	35.50 	126.20 
1998	5	14	14	23	2.2 	36.70 	128.40 
1998	5	1	7	16	2.5 	36.10 	128.00 
1998	4	30	21	57	2.3 	36.60 	128.40 
1998	4	16	3	58	3.5 	38.40 	126.30 
1998	4	2	9	34	2.3 	36.30 	127.40 
1998	2	12	3	36	2.9 	38.40 	128.50 
1998	2	10	21	11	4.1 	37.80 	123.60 
1998	1	18	1	16	3.9 	35.60 	129.90 
1997	11	10	18	26	3.0 	37.80 	125.40 
1997	11	9	18	16	2.5 	37.80 	126.80 
1997	10	18	19	35	3.0 	37.30 	128.80 
1997	10	11	19	50	3.2 	35.90 	128.70 
1997	10	2	23	47	2.4 	35.00 	128.00 
1997	9	26	8	35	2.5 	37.90 	129.70 
1997	8	5	12	45	2.8 	36.70 	128.40 
1997	8	5	4	47	2.3 	37.20 	128.70 
1997	6	30	23	48	2.8 	36.10 	127.70 
1997	6	26	3	50	4.2 	35.80 	129.30 
1997	6	16	22	51	2.7 	35.30 	129.10 
1997	6	15	12	46	2.7 	37.40 	126.20 
1997	6	15	8	45	2.8 	37.40 	126.20 
1997	5	22	7	47	3.5 	36.00 	126.80 
1997	5	10	0	56	2.5 	37.30 	128.50 
1997	5	9	21	43	3.0 	35.20 	126.00 
1997	5	9	21	40	3.2 	35.20 	126.00 
1997	4	23	1	39	2.5 	36.20 	126.00 
1997	3	9	23	40	2.8 	39.00 	127.30 
1997	1	15	5	34	3.2 	38.30 	128.70 
1997	1	3	20	34	2.9 	35.00 	125.20 
1996	12	21	7	45	2.8 	37.30 	128.60 
1996	12	18	17	23	2.7 	37.30 	128.60 
1996	12	15	16	20	2.5 	37.20 	128.80 
1996	12	14	15	17	2.7 	37.30 	128.80 
1996	12	13	13	27	3.0 	37.30 	128.80 
1996	12	13	13	10	4.5 	37.20 	128.80 
1996	11	25	0	27	2.3 	35.60 	129.30 
1996	11	22	10	9	2.9 	32.80 	127.20 
1996	11	17	8	49	3.6 	39.00 	127.60 
1996	11	10	21	33	3.5 	36.70 	125.40 
1996	10	16	4	45	3.3 	36.10 	128.30 
1996	9	27	19	32	2.4 	35.60 	129.90 
1996	9	14	22	38	3.6 	39.00 	126.00 
1996	8	14	18	10	3.0 	36.70 	128.00 
1996	8	3	0	6	2.7 	37.40 	129.50 
1996	7	27	1	22	3.0 	34.20 	123.30 
1996	7	15	4	58	2.8 	36.90 	126.50 
1996	6	27	21	35	2.1 	38.20 	126.30 
1996	6	21	1	4	2.8 	36.10 	126.90 
1996	6	18	16	33	2.7 	39.50 	126.30 
1996	6	15	6	5	2.8 	38.90 	125.90 
1996	6	4	18	33	2.4 	36.80 	129.10 
1996	6	4	1	14	2.6 	39.30 	126.30 
1996	5	26	19	58	3.5 	36.40 	125.50 
1996	5	26	8	34	2.5 	33.50 	126.00 
1996	5	21	17	15	3.1 	38.80 	125.60 
1996	5	16	11	5	2.8 	35.30 	129.10 
1996	5	14	13	36	2.1 	36.50 	127.50 
1996	5	13	0	49	3.0 	35.80 	130.20 
1996	5	7	0	12	2.9 	34.70 	127.30 
1996	5	6	21	2	2.1 	35.90 	127.70 
1996	4	19	2	39	2.8 	36.30 	127.00 
1996	4	14	5	22	3.1 	35.90 	127.90 
1996	4	14	2	20	2.3 	35.80 	127.90 
1996	3	20	4	54	2.5 	36.60 	128.10 
1996	3	2	21	42	2.2 	36.40 	127.80 
1996	2	27	4	39	2.6 	35.90 	129.60 
1996	2	9	8	51	3.1 	39.20 	126.40 
1996	1	24	5	9	4.2 	37.90 	129.60 
1995	12	24	3	47	3.0 	35.30 	124.60 
1995	12	22	5	24	2.5 	34.60 	127.50 
1995	12	21	8	25	2.6 	36.60 	128.10 
1995	11	10	14	3	3.0 	38.90 	125.80 
1995	10	8	8	33	3.5 	35.60 	129.70 
1995	10	6	21	7	3.7 	37.50 	129.80 
1995	10	3	14	5	2.9 	36.90 	129.20 
1995	9	17	0	13	2.4 	36.30 	126.80 
1995	9	3	22	38	2.4 	33.50 	126.90 
1995	8	24	3	8	2.8 	36.20 	123.70 
1995	8	12	3	17	3.6 	38.00 	124.60 
1995	8	9	15	42	2.9 	37.90 	124.60 
1995	8	4	10	15	2.8 	36.30 	123.70 
1995	7	24	19	2	4.2 	38.20 	124.40 
1995	6	24	21	49	2.2 	37.00 	129.30 
1995	6	24	19	47	2.6 	36.80 	129.50 
1995	6	19	18	9	3.0 	36.40 	128.20 
1995	6	5	18	21	2.5 	38.70 	126.40 
1995	5	17	1	43	2.9 	37.60 	124.30 
1995	5	10	8	46	3.4 	39.30 	126.00 
1995	4	30	19	40	2.5 	35.80 	128.70 
1995	4	28	15	38	2.5 	34.70 	128.90 
1995	3	20	1	1	2.5 	35.70 	131.10 
1995	3	11	9	30	3.0 	38.70 	125.60 
1995	2	5	12	59	2.6 	39.60 	126.00 
1995	2	2	15	56	2.5 	38.90 	126.00 
1995	1	29	17	2	2.4 	38.90 	126.00 
1995	1	21	7	39	3.3 	34.20 	125.00 
1995	1	14	6	43	3.0 	37.90 	124.50 
1994	12	26	23	9	2.3 	34.80 	128.10 
1994	12	25	2	41	2.4 	35.30 	126.00 
1994	12	19	17	25	1.9 	34.90 	126.70 
1994	12	18	3	23	2.0 	36.40 	128.10 
1994	12	15	10	41	2.8 	36.10 	125.40 
1994	12	2	0	42	3.6 	37.90 	123.80 
1994	11	1	9	11	3.4 	38.90 	125.80 
1994	10	14	21	51	3.5 	38.80 	125.60 
1994	9	21	3	35	3.2 	36.40 	128.90 
1994	8	31	0	7	2.8 	37.40 	124.80 
1994	8	24	15	18	2.1 	38.50 	127.50 
1994	7	26	2	41	4.9 	34.90 	124.10 
1994	4	23	13	3	4.1 	35.70 	130.90 
1994	4	23	12	41	4.5 	35.10 	131.10 
1994	4	22	2	5	4.6 	34.90 	131.00 
1994	4	12	16	4	3.1 	38.50 	125.50 
1994	3	25	6	3	2.3 	36.30 	128.20 
1994	3	4	0	33	2.7 	35.90 	129.60 
1994	3	3	19	39	2.7 	34.40 	127.90 
1994	2	26	4	52	2.5 	35.60 	127.90 
1994	2	24	6	40	2.2 	37.40 	129.40 
1994	2	12	11	58	3.5 	36.40 	127.30 
1994	2	2	14	12	2.0 	35.90 	128.30 
1994	1	24	15	47	2.3 	38.40 	126.40 
1994	1	11	8	9	3.0 	36.30 	123.90 
1993	12	30	9	58	2.6 	38.50 	127.60 
1993	12	24	8	13	3.1 	35.90 	129.10 
1993	12	8	11	43	3.4 	39.60 	125.90 
1993	8	26	0	7	2.9 	35.70 	127.90 
1993	7	20	4	52	1.9 	37.10 	129.20 
1993	7	14	11	48	2.6 	38.80 	125.70 
1993	7	8	11	10	3.6 	35.20 	128.40 
1993	6	12	16	3	2.7 	37.50 	125.50 
1993	6	8	17	42	2.2 	38.70 	126.70 
1993	5	2	17	57	2.9 	37.30 	130.50 
1993	4	16	18	32	2.2 	36.50 	128.30 
1993	4	9	2	28	2.2 	36.60 	126.90 
1993	4	8	12	1	2.9 	34.90 	130.60 
1993	4	2	1	20	2.2 	35.20 	128.30 
1993	3	28	10	16	4.5 	33.10 	123.80 
1993	3	18	0	36	2.8 	36.40 	130.00 
1993	3	17	0	36	2.6 	36.60 	129.90 
1993	3	11	6	55	2.8 	37.50 	124.80 
1993	3	1	12	0	3.9 	35.60 	126.80 
1993	3	1	11	59	3.3 	35.60 	126.90 
1993	2	25	10	15	2.9 	35.60 	126.40 
1993	2	8	10	4	2.1 	38.70 	127.80 
1993	1	31	15	31	3.1 	41.10 	125.70 
1992	12	16	10	28	2.1 	38.10 	128.30 
1992	12	13	20	22	4.0 	35.30 	130.10 
1992	11	25	18	45	2.6 	37.70 	126.40 
1992	11	13	2	47	3.4 	38.40 	125.30 
1992	11	12	8	2	3.8 	38.50 	125.40 
1992	11	11	9	32	3.4 	35.80 	123.70 
1992	11	4	2	30	4.4 	34.70 	122.80 
1992	10	20	10	34	2.6 	36.00 	128.20 
1992	9	5	0	22	2.7 	37.00 	126.80 
1992	7	19	17	1	3.1 	39.10 	127.10 
1992	7	17	8	16	2.5 	37.10 	126.10 
1992	5	4	17	6	2.6 	35.80 	128.40 
1992	4	9	5	32	2.9 	36.20 	127.20 
1992	1	21	3	36	4.0 	35.40 	129.90 
1992	1	15	21	26	2.0 	36.00 	127.30 
1991	10	30	0	57	2.2 	38.50 	127.20 
1991	10	16	4	59	2.8 	35.60 	129.60 
1991	10	11	7	20	3.2 	36.80 	129.30 
1991	8	10	8	26	2.7 	36.50 	129.70 
1991	7	23	23	8	3.1 	35.60 	128.00 
1991	7	20	12	25	3.1 	35.30 	127.90 
1991	6	18	16	7	2.6 	39.10 	126.10 
1991	6	7	15	25	2.7 	35.80 	128.80 
1991	5	23	7	16	2.6 	36.50 	127.90 
1991	5	13	10	58	2.0 	35.30 	126.70 
1991	5	13	1	25	2.2 	35.90 	128.50 
1991	4	27	20	1	3.0 	36.10 	127.20 
1991	4	14	1	48	3.1 	36.50 	128.70 
1991	3	28	3	31	2.7 	37.00 	126.40 
1991	2	2	11	8	3.4 	33.40 	123.80 
1991	1	25	3	57	2.8 	37.30 	129.80 
1991	1	3	14	39	3.4 	37.60 	124.70 
1991	1	3	8	27	2.7 	36.40 	128.80 
1990	10	22	18	9	3.4 	35.90 	130.00 
1990	6	30	10	45	2.5 	36.50 	126.70 
1990	6	19	13	28	2.6 	37.80 	123.70 
1990	6	14	3	37	2.3 	37.50 	127.10 
1990	6	2	1	46	2.4 	36.40 	127.80 
1990	3	11	15	30	2.6 	38.10 	126.30 
1990	3	10	16	59	2.7 	38.20 	126.30 
1990	3	4	14	51	2.6 	38.70 	125.80 
1990	2	28	15	1	3.1 	38.30 	126.30 
1990	2	28	13	53	2.5 	38.00 	126.20 
1990	2	22	15	14	2.8 	38.30 	126.40 
1990	2	18	21	29	3.3 	38.20 	123.90 
1990	1	28	15	1	2.7 	38.30 	126.20 
1990	1	10	17	7	2.5 	36.30 	127.40 
1990	1	9	13	53	2.9 	36.60 	125.60 
1989	12	29	14	59	2.8 	38.20 	126.20 
1989	12	11	15	18	2.8 	38.00 	125.90 
1989	6	23	0	26	3.5 	36.70 	127.80 
1989	6	20	15	28	3.2 	38.10 	126.20 
1989	5	25	14	58	3.1 	38.60 	126.30 
1989	5	22	14	59	3.2 	37.80 	125.80 
1989	4	30	15	27	3.4 	36.30 	127.30 
1989	3	29	15	0	3.1 	37.90 	125.90 
1989	3	13	16	3	3.4 	38.20 	125.50 
1989	3	3	15	15	3.4 	38.10 	124.90 
1989	1	5	15	13	3.2 	38.50 	126.10 
1988	12	2	23	54	2.5 	36.30 	127.90 
1988	10	15	17	26	3.4 	38.40 	126.20 
1988	5	3	14	59	3.4 	38.30 	126.30 
1988	4	15	15	44	3.7 	40.40 	127.00 
1988	1	24	6	46	2.9 	36.20 	129.20 
1987	10	25	13	23	3.7 	37.50 	130.10 
1987	10	6	23	36	3.5 	36.20 	130.10 
1987	10	6	7	4	3.1 	35.90 	129.90 
1987	9	25	0	44	2.2 	37.80 	129.10 
1987	6	13	11	32	2.8 	35.30 	126.10 
1987	3	6	7	10	4.0 	38.70 	125.50 
1986	8	11	9	52	3.5 	37.10 	126.00 
1986	7	11	16	43	3.2 	34.30 	126.90 
1986	5	11	4	3	3.1 	36.60 	125.90 
1986	5	2	17	26	3.0 	36.70 	125.70 
1986	5	2	12	44	3.4 	36.60 	125.80 
1986	4	27	9	3	3.3 	36.50 	125.60 
1986	4	26	4	24	3.5 	36.60 	125.50 
1986	3	24	10	58	2.6 	38.80 	125.90 
1986	3	20	16	46	3.6 	34.20 	125.10 
1986	3	17	11	52	3.2 	35.90 	129.50 
1986	3	4	5	29	2.7 	39.40 	125.70 
1986	2	9	7	4	3.3 	35.90 	125.80 
1986	2	3	16	38	2.8 	35.70 	126.90 
1986	1	19	11	20	3.0 	33.50 	126.40 
1985	12	22	12	9	3.0 	39.30 	125.80 
1985	12	10	21	42	3.2 	35.80 	129.70 
1985	11	10	17	23	3.1 	39.80 	125.80 
1985	11	2	2	56	2.9 	36.70 	128.90 
1985	8	8	16	47	3.1 	38.40 	125.10 
1985	8	5	19	24	2.8 	39.40 	125.90 
1985	7	18	19	14	2.4 	38.50 	125.80 
1985	6	26	17	19	2.6 	37.30 	126.40 
1985	6	25	11	13	3.8 	36.90 	129.70 
1985	6	25	7	29	2.8 	37.30 	126.40 
1985	6	25	6	40	4.0 	37.30 	126.40 
1985	6	20	5	3	3.3 	35.90 	128.60 
1985	6	18	13	43	2.8 	38.50 	125.80 
1985	6	7	12	59	3.1 	39.40 	125.90 
1985	5	27	6	23	2.4 	38.30 	125.90 
1985	5	22	17	27	2.9 	38.10 	125.60 
1985	5	13	18	26	2.9 	36.60 	128.60 
1985	4	20	21	36	3.4 	41.60 	127.00 
1985	3	22	16	1	2.7 	38.40 	125.10 
1985	1	15	9	59	3.4 	34.70 	130.00 
1985	1	14	12	44	4.2 	34.60 	129.90 
1984	11	16	8	50	2.6 	39.90 	125.90 
1984	11	9	21	29	2.4 	35.80 	128.50 
1984	10	10	16	30	2.9 	38.90 	125.90 
1984	8	5	7	35	2.8 	37.20 	125.00 
1984	7	19	13	57	3.9 	36.00 	125.20 
1984	6	25	23	53	2.2 	37.00 	126.80 
1984	5	14	11	39	2.6 	35.20 	126.70 
1984	5	11	15	0	3.2 	38.60 	125.10 
1984	5	4	22	5	2.6 	35.10 	126.70 
1984	5	4	22	4	2.5 	35.10 	126.60 
1984	4	30	11	59	3.1 	39.30 	125.70 
1984	4	10	1	56	2.2 	36.10 	128.20 
1984	3	30	13	30	2.6 	39.10 	125.90 
1984	3	21	0	15	3.2 	36.80 	126.60 
1984	3	17	13	0	3.0 	39.50 	126.10 
1984	2	13	11	31	3.2 	37.00 	125.50 
1984	1	30	13	21	2.4 	39.60 	126.20 
1984	1	28	13	30	2.9 	37.10 	124.60 
1984	1	13	17	6	3.0 	37.40 	129.50 
1983	12	23	22	40	3.0 	36.50 	128.10 
1983	12	21	20	10	2.3 	38.20 	126.10 
1983	12	8	3	4	2.5 	36.90 	125.60 
1983	10	11	13	47	3.5 	38.80 	125.70 
1983	10	8	13	58	3.3 	39.60 	126.10 
1983	9	27	13	7	2.9 	38.90 	124.90 
1983	9	17	12	17	4.2 	38.30 	126.10 
1983	8	21	5	13	3.5 	36.40 	126.00 
1983	8	9	13	0	2.8 	39.50 	125.90 
1983	6	21	0	52	3.0 	36.80 	127.50 
1983	6	8	21	25	3.4 	36.80 	127.80 
1983	5	9	18	59	3.2 	38.90 	126.30 
1983	2	28	16	36	2.6 	37.70 	126.10 
1983	2	11	4	53	2.6 	38.60 	126.50 
1983	2	8	20	57	2.9 	38.00 	124.90 
1983	1	11	1	15	3.4 	38.70 	125.60 
1982	10	11	17	32	3.1 	36.40 	129.60 
1982	8	31	20	49	3.2 	37.10 	126.00 
1982	8	29	15	34	3.5 	37.10 	126.00 
1982	8	29	15	29	3.3 	37.10 	125.90 
1982	8	29	3	18	4.0 	37.20 	125.90 
1982	5	27	19	21	3.5 	38.60 	125.80 
1982	3	30	6	13	3.0 	36.40 	127.60 
1982	3	28	1	4	3.6 	37.60 	125.30 
1982	3	1	0	28	4.7 	37.20 	129.80 
1982	2	25	19	14	3.4 	38.80 	125.70 
1982	2	24	23	27	2.6 	36.10 	127.50 
1982	2	14	23	37	4.5 	38.30 	125.70 
1982	2	12	6	48	2.7 	34.50 	128.20 
1981	12	3	12	25	3.0 	38.90 	125.90 
1981	10	10	0	17	2.6 	37.30 	128.70 
1981	9	25	3	18	3.4 	39.70 	125.50 
1981	9	23	8	13	3.5 	36.90 	126.30 
1981	9	6	12	59	2.6 	39.60 	126.60 
1981	8	27	21	35	3.5 	35.80 	129.80 
1981	6	14	20	57	2.8 	37.80 	125.70 
1981	6	10	12	59	3.0 	39.50 	125.80 
1981	5	21	18	9	3.0 	38.70 	126.10 
1981	5	19	13	59	2.8 	39.40 	125.60 
1981	4	15	11	47	4.8 	35.90 	130.10 
1981	4	6	18	42	3.7 	38.90 	125.40 
1981	4	3	18	39	2.6 	36.00 	128.90 
1981	3	10	15	24	3.0 	38.90 	125.70 
1981	1	2	19	8	3.5 	39.70 	124.80 
1980	12	29	13	0	2.8 	39.80 	126.40 
1980	12	24	21	38	2.7 	36.00 	128.60 
1980	12	23	7	4	2.5 	38.20 	129.40 
1980	12	6	0	8	2.8 	38.40 	126.10 
1980	12	1	20	46	3.0 	40.70 	127.20 
1980	12	1	13	29	3.5 	40.70 	127.20 
1980	11	28	14	27	2.7 	38.80 	125.60 
1980	11	28	12	59	2.6 	39.40 	125.80 
1980	9	25	13	0	2.6 	39.50 	126.00 
1980	8	23	11	24	2.5 	37.10 	125.30 
1980	7	26	5	59	3.5 	38.80 	125.70 
1980	6	30	23	0	3.6 	34.00 	126.00 
1980	6	30	13	29	2.8 	39.40 	125.70 
1980	5	15	14	43	3.1 	38.30 	125.70 
1980	1	8	8	44	5.3 	40.20 	125.00 
1979	12	25	16	55	3.2 	38.80 	126.30 
1979	12	20	15	7	3.0 	36.20 	127.30 
1979	12	19	7	32	3.5 	35.40 	127.50 
1979	11	19	4	13	3.2 	35.90 	126.10 
1979	10	27	12	59	3.7 	39.50 	125.70 
1979	10	10	6	59	3.1 	38.90 	125.70 
1979	8	30	0	39	3.0 	38.30 	127.90 
1979	8	24	8	30	3.8 	36.60 	124.00 
1979	8	18	16	34	2.4 	37.00 	126.40 
1979	8	14	10	5	2.5 	39.50 	125.80 
1979	8	13	12	12	3.5 	36.30 	128.50 
1979	4	24	5	44	3.0 	36.80 	128.50 
1979	4	9	8	49	3.3 	39.70 	125.70 
1979	3	12	11	9	3.8 	36.60 	126.70 
1979	2	24	19	0	2.9 	36.60 	126.70 
1979	2	24	14	44	2.7 	38.30 	125.10 
1979	2	8	8	52	4.0 	36.60 	126.70 
1979	2	4	9	29	3.7 	38.40 	125.70 
1979	1	30	0	33	3.0 	36.10 	128.30 
1979	1	29	10	6	3.3 	38.30 	126.00 
1979	1	24	0	40	3.0 	35.70 	126.00 
1979	1	1	0	11	2.9 	36.60 	126.70 
1978	12	12	21	58	3.3 	35.90 	126.30 
1978	12	4	15	16	2.8 	37.40 	128.70 
1978	11	23	11	6	4.6 	38.40 	125.60 
1978	10	7	18	19	5.0 	36.60 	126.70 
1978	9	16	2	7	5.2 	36.60 	127.90 
1978	8	30	2	29	4.5 	39.10 	124.20 
							
							
